MH	BB		TAUTAU		MUMU		SS		CC		TT		GG		GAMGAM		ZGAM		WW		ZZ		WIDTH			W_BB 		W_TAUTAU	W_MUMU		W_SS		W_CC		W_TT		W_GG		W_GAMGAM	W_ZGAM		W_WW		W_ZZ
80.0	8.238E-01	8.266E-02	2.873E-04	3.530E-04	4.176E-02	0.000E+00	4.940E-02	9.181E-04	0.000E+00	6.272E-04	1.643E-04	1.991E-03		1.640E-03	1.646E-04	5.720E-07	7.028E-07	8.314E-05	0.000E+00	9.836E-05	1.828E-06	0.000E+00	1.249E-06	3.271E-07
85.0	8.174E-01	8.303E-02	2.885E-04	3.500E-04	4.140E-02	0.000E+00	5.512E-02	1.061E-03	0.000E+00	1.075E-03	2.630E-04	2.106E-03		1.721E-03	1.749E-04	6.076E-07	7.371E-07	8.719E-05	0.000E+00	1.161E-04	2.234E-06	0.000E+00	2.264E-06	5.539E-07
90.0	8.102E-01	8.325E-02	2.892E-04	3.467E-04	4.101E-02	0.000E+00	6.115E-02	1.219E-03	0.000E+00	2.068E-03	4.167E-04	2.224E-03		1.802E-03	1.851E-04	6.432E-07	7.711E-07	9.121E-05	0.000E+00	1.360E-04	2.711E-06	0.000E+00	4.600E-06	9.266E-07
95.0	8.015E-01	8.324E-02	2.891E-04	3.427E-04	4.053E-02	0.000E+00	6.740E-02	1.391E-03	4.481E-06	4.676E-03	6.653E-04	2.348E-03		1.882E-03	1.954E-04	6.788E-07	8.047E-07	9.516E-05	0.000E+00	1.582E-04	3.266E-06	1.052E-08	1.098E-05	1.562E-06
100.0	7.893E-01	8.282E-02	2.876E-04	3.374E-04	3.990E-02	0.000E+00	7.366E-02	1.575E-03	4.932E-05	1.097E-02	1.122E-03	2.484E-03		1.961E-03	2.058E-04	7.144E-07	8.382E-07	9.913E-05	0.000E+00	1.830E-04	3.914E-06	1.225E-07	2.725E-05	2.789E-06
105.0	7.711E-01	8.168E-02	2.836E-04	3.295E-04	3.896E-02	0.000E+00	7.952E-02	1.766E-03	1.715E-04	2.406E-02	2.131E-03	2.644E-03		2.039E-03	2.160E-04	7.499E-07	8.713E-07	1.030E-04	0.000E+00	2.103E-04	4.668E-06	4.534E-07	6.361E-05	5.635E-06
110.0	7.435E-01	7.948E-02	2.759E-04	3.176E-04	3.756E-02	0.000E+00	8.443E-02	1.951E-03	3.911E-04	4.772E-02	4.344E-03	2.847E-03		2.117E-03	2.263E-04	7.855E-07	9.043E-07	1.069E-04	0.000E+00	2.404E-04	5.556E-06	1.113E-06	1.359E-04	1.237E-05
115.0	7.032E-01	7.581E-02	2.631E-04	3.004E-04	3.550E-02	0.000E+00	8.761E-02	2.113E-03	7.096E-04	8.588E-02	8.643E-03	3.120E-03		2.194E-03	2.365E-04	8.210E-07	9.372E-07	1.108E-04	0.000E+00	2.734E-04	6.592E-06	2.214E-06	2.680E-04	2.697E-05
120.0	6.476E-01	7.039E-02	2.443E-04	2.765E-04	3.269E-02	0.000E+00	8.824E-02	2.229E-03	1.107E-03	1.413E-01	1.588E-02	3.506E-03		2.271E-03	2.468E-04	8.566E-07	9.693E-07	1.146E-04	0.000E+00	3.094E-04	7.814E-06	3.881E-06	4.955E-04	5.569E-05
125.0	5.767E-01	6.319E-02	2.192E-04	2.462E-04	2.911E-02	0.000E+00	8.569E-02	2.277E-03	1.539E-03	2.146E-01	2.641E-02	4.069E-03		2.346E-03	2.571E-04	8.919E-07	1.002E-06	1.184E-04	0.000E+00	3.486E-04	9.265E-06	6.260E-06	8.730E-04	1.075E-04
130.0	4.937E-01	5.449E-02	1.890E-04	2.107E-04	2.491E-02	0.000E+00	7.973E-02	2.243E-03	1.947E-03	3.027E-01	3.984E-02	4.907E-03		2.423E-03	2.674E-04	9.274E-07	1.034E-06	1.222E-04	0.000E+00	3.912E-04	1.101E-05	9.555E-06	1.485E-03	1.955E-04
135.0	4.042E-01	4.492E-02	1.559E-04	1.725E-04	2.038E-02	0.000E+00	7.078E-02	2.123E-03	2.269E-03	4.003E-01	5.470E-02	6.181E-03		2.498E-03	2.777E-04	9.633E-07	1.066E-06	1.260E-04	0.000E+00	4.375E-04	1.312E-05	1.402E-05	2.474E-03	3.381E-04
140.0	3.148E-01	3.523E-02	1.222E-04	1.343E-04	1.587E-02	0.000E+00	5.962E-02	1.927E-03	2.455E-03	5.011E-01	6.874E-02	8.174E-03		2.573E-03	2.879E-04	9.991E-07	1.097E-06	1.297E-04	0.000E+00	4.873E-04	1.575E-05	2.006E-05	4.096E-03	5.619E-04
145.0	2.314E-01	2.607E-02	9.041E-05	9.872E-05	1.167E-02	0.000E+00	4.729E-02	1.669E-03	2.475E-03	6.001E-01	7.919E-02	1.144E-02		2.647E-03	2.982E-04	1.034E-06	1.129E-06	1.335E-04	0.000E+00	5.410E-04	1.910E-05	2.832E-05	6.866E-03	9.060E-04
150.0	1.572E-01	1.781E-02	6.178E-05	6.704E-05	7.922E-03	0.000E+00	3.456E-02	1.362E-03	2.308E-03	6.962E-01	8.252E-02	1.732E-02		2.722E-03	3.085E-04	1.070E-06	1.161E-06	1.372E-04	0.000E+00	5.986E-04	2.359E-05	3.998E-05	1.206E-02	1.429E-03
155.0	9.224E-02	1.052E-02	3.648E-05	3.934E-05	4.649E-03	0.000E+00	2.175E-02	9.975E-04	1.907E-03	7.945E-01	7.340E-02	3.031E-02		2.795E-03	3.188E-04	1.106E-06	1.192E-06	1.409E-04	0.000E+00	6.592E-04	3.023E-05	5.780E-05	2.408E-02	2.225E-03
160.0	3.454E-02	3.962E-03	1.374E-05	1.473E-05	1.741E-03	0.000E+00	8.638E-03	5.318E-04	1.152E-03	9.080E-01	4.146E-02	8.306E-02		2.869E-03	3.290E-04	1.141E-06	1.224E-06	1.446E-04	0.000E+00	7.174E-04	4.417E-05	9.566E-05	7.541E-02	3.443E-03
165.0	1.194E-02	1.377E-03	4.776E-06	5.092E-06	6.016E-04	0.000E+00	3.142E-03	2.297E-04	5.445E-04	9.600E-01	2.220E-02	2.464E-01		2.941E-03	3.392E-04	1.177E-06	1.255E-06	1.482E-04	0.000E+00	7.741E-04	5.660E-05	1.342E-04	2.365E-01	5.469E-03
170.0	7.931E-03	9.195E-04	3.188E-06	3.382E-06	3.995E-04	0.000E+00	2.204E-03	1.580E-04	3.995E-04	9.644E-01	2.363E-02	3.802E-01		3.015E-03	3.496E-04	1.212E-06	1.286E-06	1.519E-04	0.000E+00	8.380E-04	6.007E-05	1.519E-04	3.667E-01	8.983E-03
175.0	6.166E-03	7.188E-04	2.493E-06	2.629E-06	3.106E-04	0.000E+00	1.814E-03	1.265E-04	3.382E-04	9.582E-01	3.231E-02	5.007E-01		3.087E-03	3.599E-04	1.248E-06	1.316E-06	1.555E-04	0.000E+00	9.081E-04	6.334E-05	1.693E-04	4.797E-01	1.617E-02
180.0	5.005E-03	5.867E-04	2.034E-06	2.134E-06	2.521E-04	0.000E+00	1.556E-03	1.053E-04	2.955E-04	9.320E-01	6.021E-02	6.309E-01		3.158E-03	3.702E-04	1.283E-06	1.346E-06	1.590E-04	0.000E+00	9.818E-04	6.647E-05	1.865E-04	5.880E-01	3.799E-02
185.0	3.879E-03	4.571E-04	1.585E-06	1.654E-06	1.954E-04	0.000E+00	1.271E-03	8.427E-05	2.443E-04	8.437E-01	1.502E-01	8.322E-01		3.228E-03	3.804E-04	1.319E-06	1.377E-06	1.626E-04	0.000E+00	1.058E-03	7.014E-05	2.033E-04	7.021E-01	1.250E-01
190.0	3.171E-03	3.755E-04	1.302E-06	1.352E-06	1.596E-04	0.000E+00	1.094E-03	7.048E-05	2.111E-04	7.855E-01	2.094E-01	1.040E+00		3.299E-03	3.906E-04	1.354E-06	1.406E-06	1.660E-04	0.000E+00	1.139E-03	7.333E-05	2.196E-04	8.172E-01	2.179E-01
195.0	2.726E-03	3.244E-04	1.125E-06	1.162E-06	1.372E-04	0.000E+00	9.939E-04	6.166E-05	1.906E-04	7.570E-01	2.385E-01	1.236E+00		3.370E-03	4.010E-04	1.391E-06	1.437E-06	1.696E-04	0.000E+00	1.229E-03	7.622E-05	2.357E-04	9.359E-01	2.949E-01
200.0	2.401E-03	2.871E-04	9.955E-07	1.023E-06	1.209E-04	0.000E+00	9.256E-04	5.508E-05	1.754E-04	7.406E-01	2.555E-01	1.433E+00		3.440E-03	4.114E-04	1.426E-06	1.467E-06	1.732E-04	0.000E+00	1.326E-03	7.893E-05	2.513E-04	1.061E+00	3.661E-01
210.0	1.938E-03	2.339E-04	8.109E-07	8.256E-07	9.751E-05	0.000E+00	8.356E-04	4.543E-05	1.523E-04	7.228E-01	2.739E-01	1.847E+00		3.579E-03	4.319E-04	1.498E-06	1.525E-06	1.801E-04	0.000E+00	1.543E-03	8.390E-05	2.813E-04	1.335E+00	5.059E-01
220.0	1.612E-03	1.963E-04	6.805E-07	6.869E-07	8.111E-05	0.000E+00	7.768E-04	3.837E-05	1.343E-04	7.136E-01	2.835E-01	2.305E+00		3.715E-03	4.526E-04	1.569E-06	1.584E-06	1.870E-04	0.000E+00	1.791E-03	8.844E-05	3.096E-04	1.645E+00	6.536E-01
230.0	1.367E-03	1.679E-04	5.820E-07	5.825E-07	6.879E-05	0.000E+00	7.354E-04	3.284E-05	1.193E-04	7.081E-01	2.895E-01	2.819E+00		3.854E-03	4.733E-04	1.641E-06	1.642E-06	1.939E-04	0.000E+00	2.073E-03	9.258E-05	3.363E-04	1.996E+00	8.160E-01
240.0	1.175E-03	1.455E-04	5.044E-07	5.009E-07	5.913E-05	0.000E+00	7.049E-04	2.838E-05	1.065E-04	7.042E-01	2.936E-01	3.395E+00		3.990E-03	4.939E-04	1.712E-06	1.701E-06	2.008E-04	0.000E+00	2.393E-03	9.636E-05	3.617E-04	2.391E+00	9.969E-01
250.0	1.022E-03	1.274E-04	4.415E-07	4.351E-07	5.139E-05	0.000E+00	6.820E-04	2.470E-05	9.536E-05	7.012E-01	2.968E-01	4.040E+00		4.128E-03	5.148E-04	1.784E-06	1.758E-06	2.076E-04	0.000E+00	2.756E-03	9.980E-05	3.853E-04	2.833E+00	1.199E+00
260.0	8.960E-04	1.125E-04	3.900E-07	3.817E-07	4.506E-05	5.149E-08	6.659E-04	2.164E-05	8.567E-05	6.988E-01	2.994E-01	4.758E+00		4.263E-03	5.351E-04	1.856E-06	1.816E-06	2.144E-04	2.450E-07	3.168E-03	1.030E-04	4.076E-04	3.325E+00	1.424E+00
270.0	7.921E-04	1.002E-04	3.472E-07	3.374E-07	3.983E-05	2.289E-06	6.552E-04	1.907E-05	7.721E-05	6.967E-01	3.016E-01	5.552E+00		4.398E-03	5.561E-04	1.928E-06	1.874E-06	2.212E-04	1.271E-05	3.638E-03	1.059E-04	4.287E-04	3.868E+00	1.675E+00
280.0	7.052E-04	8.974E-05	3.111E-07	3.004E-07	3.545E-05	1.089E-05	6.497E-04	1.689E-05	6.976E-05	6.948E-01	3.036E-01	6.427E+00		4.533E-03	5.768E-04	2.000E-06	1.931E-06	2.279E-04	7.000E-05	4.176E-03	1.086E-04	4.484E-04	4.466E+00	1.951E+00
290.0	6.319E-04	8.091E-05	2.804E-07	2.691E-07	3.177E-05	3.062E-05	6.489E-04	1.504E-05	6.323E-05	6.932E-01	3.053E-01	7.386E+00		4.667E-03	5.976E-04	2.071E-06	1.988E-06	2.346E-04	2.262E-04	4.793E-03	1.110E-04	4.670E-04	5.120E+00	2.255E+00
300.0	5.694E-04	7.335E-05	2.542E-07	2.424E-07	2.862E-05	6.867E-05	6.534E-04	1.344E-05	5.747E-05	6.917E-01	3.068E-01	8.431E+00		4.800E-03	6.185E-04	2.144E-06	2.044E-06	2.413E-04	5.790E-04	5.509E-03	1.133E-04	4.845E-04	5.832E+00	2.587E+00
310.0	5.158E-04	6.683E-05	2.316E-07	2.196E-07	2.592E-05	1.380E-04	6.636E-04	1.206E-05	5.237E-05	6.903E-01	3.082E-01	9.565E+00		4.934E-03	6.392E-04	2.216E-06	2.100E-06	2.479E-04	1.320E-03	6.347E-03	1.154E-04	5.009E-04	6.603E+00	2.948E+00
320.0	4.693E-04	6.115E-05	2.120E-07	1.999E-07	2.358E-05	2.655E-04	6.804E-04	1.087E-05	4.784E-05	6.891E-01	3.093E-01	1.079E+01		5.063E-03	6.598E-04	2.287E-06	2.157E-06	2.545E-04	2.865E-03	7.341E-03	1.173E-04	5.162E-04	7.435E+00	3.338E+00
330.0	4.293E-04	5.625E-05	1.950E-07	1.829E-07	2.158E-05	5.213E-04	7.073E-04	9.830E-06	4.385E-05	6.879E-01	3.103E-01	1.210E+01		5.196E-03	6.808E-04	2.360E-06	2.213E-06	2.612E-04	6.308E-03	8.559E-03	1.190E-04	5.306E-04	8.325E+00	3.755E+00
340.0	3.952E-04	5.204E-05	1.804E-07	1.683E-07	1.986E-05	1.199E-03	7.503E-04	8.914E-06	4.035E-05	6.865E-01	3.110E-01	1.349E+01		5.330E-03	7.019E-04	2.433E-06	2.269E-06	2.678E-04	1.617E-02	1.012E-02	1.202E-04	5.442E-04	9.260E+00	4.194E+00
350.0	3.598E-04	4.763E-05	1.650E-07	1.532E-07	1.808E-05	1.560E-02	8.140E-04	7.725E-06	3.652E-05	6.760E-01	3.071E-01	1.518E+01		5.461E-03	7.229E-04	2.505E-06	2.326E-06	2.744E-04	2.368E-01	1.235E-02	1.172E-04	5.543E-04	1.026E+01	4.661E+00
360.0	3.180E-04	4.229E-05	1.466E-07	1.354E-07	1.597E-05	5.137E-02	8.515E-04	6.253E-06	3.173E-05	6.508E-01	2.966E-01	1.759E+01		5.593E-03	7.437E-04	2.578E-06	2.381E-06	2.809E-04	9.034E-01	1.497E-02	1.100E-04	5.580E-04	1.145E+01	5.216E+00
370.0	2.828E-04	3.779E-05	1.310E-07	1.204E-07	1.421E-05	8.349E-02	8.642E-04	5.034E-06	2.763E-05	6.281E-01	2.872E-01	2.024E+01		5.724E-03	7.649E-04	2.651E-06	2.437E-06	2.875E-04	1.690E+00	1.749E-02	1.019E-04	5.593E-04	1.271E+01	5.812E+00
380.0	2.538E-04	3.407E-05	1.181E-07	1.080E-07	1.275E-05	1.100E-01	8.615E-04	4.055E-06	2.423E-05	6.093E-01	2.796E-01	2.307E+01		5.855E-03	7.860E-04	2.725E-06	2.492E-06	2.941E-04	2.538E+00	1.988E-02	9.356E-05	5.590E-04	1.406E+01	6.450E+00
390.0	2.296E-04	3.097E-05	1.073E-07	9.776E-08	1.154E-05	1.313E-01	8.498E-04	3.271E-06	2.139E-05	5.940E-01	2.736E-01	2.606E+01		5.984E-03	8.069E-04	2.796E-06	2.548E-06	3.006E-04	3.420E+00	2.215E-02	8.525E-05	5.573E-04	1.548E+01	7.130E+00
400.0	2.095E-04	2.836E-05	9.831E-08	8.917E-08	1.052E-05	1.480E-01	8.322E-04	2.645E-06	1.902E-05	5.819E-01	2.690E-01	2.919E+01		6.115E-03	8.279E-04	2.870E-06	2.603E-06	3.071E-04	4.319E+00	2.429E-02	7.722E-05	5.552E-04	1.698E+01	7.853E+00
410.0	1.924E-04	2.617E-05	9.068E-08	8.190E-08	9.663E-06	1.611E-01	8.117E-04	2.144E-06	1.702E-05	5.723E-01	2.656E-01	3.246E+01		6.246E-03	8.493E-04	2.943E-06	2.658E-06	3.136E-04	5.228E+00	2.635E-02	6.959E-05	5.523E-04	1.857E+01	8.620E+00
420.0	1.778E-04	2.427E-05	8.413E-08	7.568E-08	8.929E-06	1.711E-01	7.894E-04	1.739E-06	1.532E-05	5.648E-01	2.631E-01	3.585E+01		6.374E-03	8.703E-04	3.017E-06	2.713E-06	3.201E-04	6.134E+00	2.830E-02	6.234E-05	5.493E-04	2.025E+01	9.433E+00
430.0	1.652E-04	2.263E-05	7.845E-08	7.028E-08	8.293E-06	1.787E-01	7.659E-04	1.411E-06	1.385E-05	5.590E-01	2.613E-01	3.939E+01		6.506E-03	8.915E-04	3.090E-06	2.768E-06	3.266E-04	7.038E+00	3.017E-02	5.558E-05	5.455E-04	2.202E+01	1.029E+01
440.0	1.541E-04	2.120E-05	7.347E-08	6.558E-08	7.736E-06	1.843E-01	7.417E-04	1.145E-06	1.258E-05	5.546E-01	2.602E-01	4.305E+01		6.634E-03	9.125E-04	3.163E-06	2.823E-06	3.330E-04	7.933E+00	3.193E-02	4.930E-05	5.416E-04	2.388E+01	1.120E+01
450.0	1.443E-04	1.994E-05	6.908E-08	6.142E-08	7.246E-06	1.883E-01	7.176E-04	9.281E-07	1.147E-05	5.513E-01	2.595E-01	4.685E+01		6.761E-03	9.341E-04	3.236E-06	2.878E-06	3.395E-04	8.821E+00	3.362E-02	4.348E-05	5.375E-04	2.583E+01	1.216E+01
460.0	1.357E-04	1.881E-05	6.517E-08	5.774E-08	6.812E-06	1.909E-01	6.939E-04	7.504E-07	1.050E-05	5.490E-01	2.592E-01	5.078E+01		6.892E-03	9.551E-04	3.309E-06	2.932E-06	3.459E-04	9.693E+00	3.524E-02	3.811E-05	5.334E-04	2.788E+01	1.316E+01
470.0	1.279E-04	1.780E-05	6.168E-08	5.445E-08	6.422E-06	1.925E-01	6.704E-04	6.046E-07	9.644E-06	5.474E-01	2.593E-01	5.486E+01		7.018E-03	9.765E-04	3.384E-06	2.987E-06	3.523E-04	1.056E+01	3.678E-02	3.317E-05	5.291E-04	3.003E+01	1.422E+01
480.0	1.209E-04	1.689E-05	5.851E-08	5.147E-08	6.072E-06	1.932E-01	6.473E-04	4.865E-07	8.880E-06	5.465E-01	2.596E-01	5.908E+01		7.144E-03	9.978E-04	3.457E-06	3.041E-06	3.587E-04	1.141E+01	3.825E-02	2.874E-05	5.246E-04	3.229E+01	1.534E+01
490.0	1.146E-04	1.606E-05	5.565E-08	4.879E-08	5.755E-06	1.931E-01	6.252E-04	3.897E-07	8.199E-06	5.460E-01	2.601E-01	6.345E+01		7.273E-03	1.019E-03	3.531E-06	3.096E-06	3.652E-04	1.225E+01	3.967E-02	2.473E-05	5.202E-04	3.465E+01	1.650E+01
500.0	1.089E-04	1.531E-05	5.303E-08	4.634E-08	5.466E-06	1.924E-01	6.035E-04	3.112E-07	7.586E-06	5.460E-01	2.608E-01	6.797E+01		7.403E-03	1.041E-03	3.605E-06	3.150E-06	3.715E-04	1.308E+01	4.102E-02	2.116E-05	5.156E-04	3.712E+01	1.773E+01
510.0	1.036E-04	1.461E-05	5.064E-08	4.410E-08	5.202E-06	1.912E-01	5.827E-04	2.471E-07	7.035E-06	5.464E-01	2.617E-01	7.265E+01		7.528E-03	1.061E-03	3.679E-06	3.204E-06	3.779E-04	1.389E+01	4.233E-02	1.795E-05	5.111E-04	3.970E+01	1.901E+01
520.0	9.882E-05	1.398E-05	4.843E-08	4.205E-08	4.960E-06	1.896E-01	5.623E-04	1.961E-07	6.537E-06	5.471E-01	2.626E-01	7.749E+01		7.658E-03	1.083E-03	3.753E-06	3.259E-06	3.843E-04	1.469E+01	4.357E-02	1.520E-05	5.066E-04	4.239E+01	2.035E+01
530.0	9.437E-05	1.339E-05	4.638E-08	4.015E-08	4.735E-06	1.877E-01	5.428E-04	1.555E-07	6.085E-06	5.480E-01	2.637E-01	8.250E+01		7.785E-03	1.104E-03	3.827E-06	3.312E-06	3.907E-04	1.549E+01	4.478E-02	1.283E-05	5.020E-04	4.521E+01	2.175E+01
540.0	9.022E-05	1.283E-05	4.449E-08	3.838E-08	4.528E-06	1.855E-01	5.239E-04	1.236E-07	5.674E-06	5.491E-01	2.648E-01	8.768E+01		7.911E-03	1.125E-03	3.901E-06	3.366E-06	3.970E-04	1.626E+01	4.594E-02	1.083E-05	4.975E-04	4.815E+01	2.322E+01
550.0	8.639E-05	1.232E-05	4.272E-08	3.675E-08	4.335E-06	1.831E-01	5.055E-04	9.895E-08	5.299E-06	5.504E-01	2.660E-01	9.305E+01		8.039E-03	1.147E-03	3.975E-06	3.419E-06	4.034E-04	1.703E+01	4.704E-02	9.207E-06	4.930E-04	5.121E+01	2.475E+01
560.0	8.282E-05	1.185E-05	4.107E-08	3.524E-08	4.155E-06	1.804E-01	4.882E-04	8.097E-08	4.956E-06	5.518E-01	2.671E-01	9.859E+01		8.165E-03	1.168E-03	4.049E-06	3.474E-06	4.096E-04	1.779E+01	4.813E-02	7.982E-06	4.886E-04	5.440E+01	2.634E+01
570.0	7.949E-05	1.140E-05	3.954E-08	3.382E-08	3.989E-06	1.778E-01	4.712E-04	6.829E-08	4.643E-06	5.533E-01	2.684E-01	1.043E+02		8.294E-03	1.190E-03	4.125E-06	3.529E-06	4.162E-04	1.855E+01	4.916E-02	7.125E-06	4.844E-04	5.773E+01	2.800E+01
580.0	7.637E-05	1.099E-05	3.808E-08	3.249E-08	3.831E-06	1.748E-01	4.550E-04	5.915E-08	4.353E-06	5.550E-01	2.696E-01	1.103E+02		8.420E-03	1.212E-03	4.199E-06	3.583E-06	4.225E-04	1.928E+01	5.017E-02	6.522E-06	4.800E-04	6.119E+01	2.973E+01
590.0	7.337E-05	1.058E-05	3.669E-08	3.121E-08	3.681E-06	1.718E-01	4.390E-04	5.324E-08	4.084E-06	5.567E-01	2.710E-01	1.164E+02		8.539E-03	1.232E-03	4.270E-06	3.633E-06	4.284E-04	1.999E+01	5.110E-02	6.196E-06	4.753E-04	6.479E+01	3.154E+01
600.0	7.061E-05	1.021E-05	3.541E-08	3.004E-08	3.542E-06	1.688E-01	4.239E-04	5.031E-08	3.838E-06	5.585E-01	2.722E-01	1.227E+02		8.665E-03	1.253E-03	4.345E-06	3.687E-06	4.346E-04	2.071E+01	5.202E-02	6.174E-06	4.710E-04	6.854E+01	3.341E+01
610.0	6.804E-05	9.870E-06	3.421E-08	2.895E-08	3.413E-06	1.657E-01	4.096E-04	4.863E-08	3.614E-06	5.603E-01	2.735E-01	1.293E+02		8.797E-03	1.276E-03	4.422E-06	3.742E-06	4.412E-04	2.143E+01	5.295E-02	6.287E-06	4.672E-04	7.243E+01	3.536E+01
620.0	6.556E-05	9.535E-06	3.304E-08	2.789E-08	3.288E-06	1.627E-01	3.955E-04	4.820E-08	3.403E-06	5.621E-01	2.748E-01	1.361E+02		8.920E-03	1.297E-03	4.496E-06	3.794E-06	4.474E-04	2.213E+01	5.382E-02	6.558E-06	4.630E-04	7.648E+01	3.739E+01
630.0	6.320E-05	9.216E-06	3.193E-08	2.689E-08	3.170E-06	1.594E-01	3.819E-04	4.938E-08	3.207E-06	5.640E-01	2.761E-01	1.430E+02		9.041E-03	1.318E-03	4.567E-06	3.846E-06	4.535E-04	2.280E+01	5.463E-02	7.063E-06	4.587E-04	8.068E+01	3.950E+01
640.0	6.100E-05	8.917E-06	3.090E-08	2.595E-08	3.059E-06	1.563E-01	3.690E-04	5.289E-08	3.027E-06	5.658E-01	2.774E-01	1.503E+02		9.166E-03	1.340E-03	4.644E-06	3.899E-06	4.597E-04	2.349E+01	5.546E-02	7.948E-06	4.549E-04	8.503E+01	4.169E+01
650.0	5.889E-05	8.629E-06	2.991E-08	2.505E-08	2.954E-06	1.532E-01	3.566E-04	5.816E-08	2.859E-06	5.677E-01	2.787E-01	1.577E+02		9.289E-03	1.361E-03	4.718E-06	3.952E-06	4.659E-04	2.416E+01	5.625E-02	9.174E-06	4.510E-04	8.956E+01	4.396E+01
660.0	5.690E-05	8.358E-06	2.896E-08	2.421E-08	2.854E-06	1.501E-01	3.447E-04	6.597E-08	2.704E-06	5.696E-01	2.799E-01	1.655E+02		9.416E-03	1.383E-03	4.792E-06	4.005E-06	4.723E-04	2.483E+01	5.704E-02	1.092E-05	4.474E-04	9.426E+01	4.632E+01
670.0	5.499E-05	8.096E-06	2.805E-08	2.339E-08	2.758E-06	1.469E-01	3.331E-04	7.559E-08	2.557E-06	5.715E-01	2.812E-01	1.735E+02		9.539E-03	1.404E-03	4.866E-06	4.057E-06	4.783E-04	2.549E+01	5.778E-02	1.311E-05	4.436E-04	9.913E+01	4.877E+01
680.0	5.316E-05	7.843E-06	2.718E-08	2.261E-08	2.665E-06	1.439E-01	3.218E-04	8.649E-08	2.421E-06	5.734E-01	2.824E-01	1.817E+02		9.658E-03	1.425E-03	4.939E-06	4.108E-06	4.843E-04	2.614E+01	5.847E-02	1.571E-05	4.399E-04	1.042E+02	5.131E+01
690.0	5.144E-05	7.608E-06	2.637E-08	2.188E-08	2.579E-06	1.408E-01	3.112E-04	9.854E-08	2.295E-06	5.752E-01	2.836E-01	1.902E+02		9.784E-03	1.447E-03	5.015E-06	4.161E-06	4.905E-04	2.678E+01	5.919E-02	1.874E-05	4.366E-04	1.094E+02	5.394E+01
700.0	4.977E-05	7.378E-06	2.556E-08	2.117E-08	2.496E-06	1.378E-01	3.009E-04	1.111E-07	2.176E-06	5.771E-01	2.848E-01	1.990E+02		9.905E-03	1.468E-03	5.087E-06	4.214E-06	4.966E-04	2.742E+01	5.989E-02	2.211E-05	4.330E-04	1.148E+02	5.667E+01
710.0	4.819E-05	7.158E-06	2.481E-08	2.049E-08	2.416E-06	1.348E-01	2.910E-04	1.243E-07	2.066E-06	5.789E-01	2.859E-01	2.081E+02		1.003E-02	1.490E-03	5.163E-06	4.264E-06	5.028E-04	2.806E+01	6.056E-02	2.587E-05	4.299E-04	1.205E+02	5.950E+01
720.0	4.665E-05	6.946E-06	2.407E-08	1.984E-08	2.339E-06	1.318E-01	2.814E-04	1.382E-07	1.962E-06	5.808E-01	2.871E-01	2.175E+02		1.014E-02	1.510E-03	5.234E-06	4.315E-06	5.087E-04	2.866E+01	6.119E-02	3.004E-05	4.265E-04	1.263E+02	6.243E+01
730.0	4.520E-05	6.744E-06	2.337E-08	1.922E-08	2.267E-06	1.289E-01	2.721E-04	1.518E-07	1.865E-06	5.826E-01	2.882E-01	2.271E+02		1.027E-02	1.532E-03	5.309E-06	4.367E-06	5.148E-04	2.928E+01	6.181E-02	3.447E-05	4.236E-04	1.323E+02	6.547E+01
740.0	4.380E-05	6.549E-06	2.269E-08	1.863E-08	2.196E-06	1.261E-01	2.632E-04	1.652E-07	1.774E-06	5.843E-01	2.893E-01	2.372E+02		1.039E-02	1.553E-03	5.381E-06	4.419E-06	5.209E-04	2.990E+01	6.242E-02	3.919E-05	4.207E-04	1.386E+02	6.861E+01
750.0	4.245E-05	6.361E-06	2.204E-08	1.806E-08	2.128E-06	1.233E-01	2.547E-04	1.788E-07	1.688E-06	5.861E-01	2.904E-01	2.475E+02		1.051E-02	1.574E-03	5.454E-06	4.470E-06	5.267E-04	3.050E+01	6.303E-02	4.426E-05	4.177E-04	1.450E+02	7.187E+01
760.0	4.117E-05	6.180E-06	2.141E-08	1.751E-08	2.064E-06	1.204E-01	2.464E-04	1.918E-07	1.608E-06	5.878E-01	2.915E-01	2.581E+02		1.063E-02	1.595E-03	5.528E-06	4.520E-06	5.328E-04	3.109E+01	6.361E-02	4.950E-05	4.150E-04	1.517E+02	7.524E+01
770.0	3.992E-05	6.006E-06	2.082E-08	1.698E-08	2.001E-06	1.177E-01	2.386E-04	2.043E-07	1.532E-06	5.895E-01	2.925E-01	2.691E+02		1.074E-02	1.616E-03	5.602E-06	4.570E-06	5.385E-04	3.169E+01	6.420E-02	5.498E-05	4.123E-04	1.586E+02	7.872E+01
780.0	3.873E-05	5.838E-06	2.022E-08	1.647E-08	1.941E-06	1.150E-01	2.308E-04	2.176E-07	1.462E-06	5.912E-01	2.935E-01	2.805E+02		1.086E-02	1.637E-03	5.672E-06	4.619E-06	5.444E-04	3.226E+01	6.475E-02	6.104E-05	4.101E-04	1.658E+02	8.233E+01
790.0	3.757E-05	5.673E-06	1.966E-08	1.597E-08	1.883E-06	1.124E-01	2.234E-04	2.312E-07	1.395E-06	5.928E-01	2.945E-01	2.922E+02		1.098E-02	1.658E-03	5.744E-06	4.668E-06	5.503E-04	3.284E+01	6.527E-02	6.756E-05	4.076E-04	1.732E+02	8.607E+01
800.0	3.646E-05	5.517E-06	1.912E-08	1.551E-08	1.828E-06	1.098E-01	2.163E-04	2.441E-07	1.332E-06	5.944E-01	2.955E-01	3.043E+02		1.110E-02	1.679E-03	5.818E-06	4.719E-06	5.562E-04	3.341E+01	6.583E-02	7.429E-05	4.054E-04	1.809E+02	8.993E+01
810.0	3.539E-05	5.364E-06	1.859E-08	1.504E-08	1.773E-06	1.073E-01	2.093E-04	2.566E-07	1.273E-06	5.960E-01	2.965E-01	3.168E+02		1.121E-02	1.699E-03	5.889E-06	4.766E-06	5.618E-04	3.399E+01	6.631E-02	8.130E-05	4.034E-04	1.888E+02	9.392E+01
820.0	3.435E-05	5.217E-06	1.808E-08	1.460E-08	1.721E-06	1.048E-01	2.027E-04	2.690E-07	1.217E-06	5.976E-01	2.974E-01	3.297E+02		1.132E-02	1.720E-03	5.960E-06	4.815E-06	5.675E-04	3.454E+01	6.683E-02	8.868E-05	4.014E-04	1.970E+02	9.805E+01
830.0	3.335E-05	5.075E-06	1.759E-08	1.418E-08	1.671E-06	1.023E-01	1.963E-04	2.816E-07	1.164E-06	5.992E-01	2.983E-01	3.430E+02		1.144E-02	1.740E-03	6.032E-06	4.865E-06	5.732E-04	3.507E+01	6.733E-02	9.658E-05	3.994E-04	2.055E+02	1.023E+02
840.0	3.239E-05	4.937E-06	1.711E-08	1.378E-08	1.624E-06	9.988E-02	1.901E-04	2.928E-07	1.116E-06	6.007E-01	2.992E-01	3.567E+02		1.156E-02	1.761E-03	6.103E-06	4.914E-06	5.792E-04	3.563E+01	6.782E-02	1.044E-04	3.980E-04	2.143E+02	1.067E+02
850.0	3.145E-05	4.802E-06	1.665E-08	1.337E-08	1.576E-06	9.753E-02	1.841E-04	3.037E-07	1.069E-06	6.022E-01	3.001E-01	3.709E+02		1.166E-02	1.781E-03	6.174E-06	4.960E-06	5.846E-04	3.617E+01	6.828E-02	1.126E-04	3.964E-04	2.233E+02	1.113E+02
860.0	3.055E-05	4.672E-06	1.619E-08	1.299E-08	1.531E-06	9.521E-02	1.784E-04	3.152E-07	1.025E-06	6.036E-01	3.009E-01	3.855E+02		1.178E-02	1.801E-03	6.244E-06	5.009E-06	5.903E-04	3.670E+01	6.878E-02	1.215E-04	3.951E-04	2.327E+02	1.160E+02
870.0	2.968E-05	4.546E-06	1.576E-08	1.261E-08	1.487E-06	9.294E-02	1.728E-04	3.267E-07	9.831E-07	6.051E-01	3.018E-01	4.006E+02		1.189E-02	1.821E-03	6.312E-06	5.054E-06	5.959E-04	3.723E+01	6.924E-02	1.309E-04	3.939E-04	2.424E+02	1.209E+02
880.0	2.883E-05	4.424E-06	1.533E-08	1.225E-08	1.444E-06	9.071E-02	1.673E-04	3.373E-07	9.438E-07	6.065E-01	3.026E-01	4.162E+02		1.200E-02	1.841E-03	6.382E-06	5.100E-06	6.011E-04	3.775E+01	6.964E-02	1.404E-04	3.928E-04	2.524E+02	1.259E+02
890.0	2.801E-05	4.306E-06	1.492E-08	1.191E-08	1.404E-06	8.855E-02	1.623E-04	3.478E-07	9.068E-07	6.079E-01	3.034E-01	4.323E+02		1.211E-02	1.861E-03	6.449E-06	5.147E-06	6.068E-04	3.828E+01	7.014E-02	1.503E-04	3.920E-04	2.628E+02	1.311E+02
900.0	2.722E-05	4.191E-06	1.452E-08	1.157E-08	1.364E-06	8.641E-02	1.572E-04	3.580E-07	8.717E-07	6.092E-01	3.042E-01	4.488E+02		1.221E-02	1.881E-03	6.516E-06	5.192E-06	6.121E-04	3.878E+01	7.054E-02	1.607E-04	3.912E-04	2.734E+02	1.365E+02
910.0	2.645E-05	4.080E-06	1.414E-08	1.125E-08	1.325E-06	8.433E-02	1.523E-04	3.673E-07	8.386E-07	6.105E-01	3.050E-01	4.659E+02		1.232E-02	1.901E-03	6.589E-06	5.242E-06	6.174E-04	3.929E+01	7.096E-02	1.711E-04	3.907E-04	2.845E+02	1.421E+02
920.0	2.570E-05	3.971E-06	1.376E-08	1.093E-08	1.288E-06	8.228E-02	1.476E-04	3.767E-07	8.071E-07	6.118E-01	3.057E-01	4.836E+02		1.243E-02	1.920E-03	6.655E-06	5.286E-06	6.229E-04	3.979E+01	7.139E-02	1.822E-04	3.903E-04	2.959E+02	1.478E+02
930.0	2.497E-05	3.865E-06	1.339E-08	1.062E-08	1.251E-06	8.026E-02	1.431E-04	3.858E-07	7.772E-07	6.132E-01	3.064E-01	5.018E+02		1.253E-02	1.940E-03	6.720E-06	5.330E-06	6.278E-04	4.028E+01	7.182E-02	1.936E-04	3.901E-04	3.077E+02	1.538E+02
940.0	2.426E-05	3.761E-06	1.303E-08	1.032E-08	1.216E-06	7.828E-02	1.387E-04	3.930E-07	7.491E-07	6.144E-01	3.071E-01	5.206E+02		1.263E-02	1.958E-03	6.785E-06	5.374E-06	6.332E-04	4.076E+01	7.223E-02	2.046E-04	3.900E-04	3.199E+02	1.599E+02
950.0	2.359E-05	3.662E-06	1.268E-08	1.003E-08	1.181E-06	7.636E-02	1.345E-04	4.001E-07	7.225E-07	6.156E-01	3.078E-01	5.400E+02		1.274E-02	1.977E-03	6.850E-06	5.418E-06	6.380E-04	4.124E+01	7.261E-02	2.161E-04	3.901E-04	3.325E+02	1.662E+02
960.0	2.292E-05	3.564E-06	1.234E-08	9.745E-09	1.148E-06	7.446E-02	1.304E-04	4.080E-07	6.971E-07	6.169E-01	3.085E-01	5.601E+02		1.284E-02	1.996E-03	6.914E-06	5.458E-06	6.432E-04	4.171E+01	7.302E-02	2.285E-04	3.904E-04	3.455E+02	1.728E+02
970.0	2.227E-05	3.470E-06	1.202E-08	9.472E-09	1.116E-06	7.262E-02	1.264E-04	4.176E-07	6.732E-07	6.181E-01	3.092E-01	5.807E+02		1.294E-02	2.015E-03	6.979E-06	5.501E-06	6.479E-04	4.217E+01	7.341E-02	2.425E-04	3.909E-04	3.589E+02	1.796E+02
980.0	2.166E-05	3.377E-06	1.170E-08	9.206E-09	1.085E-06	7.081E-02	1.225E-04	4.265E-07	6.504E-07	6.192E-01	3.098E-01	6.021E+02		1.304E-02	2.033E-03	7.044E-06	5.543E-06	6.532E-04	4.263E+01	7.377E-02	2.568E-04	3.916E-04	3.728E+02	1.865E+02
990.0	2.104E-05	3.286E-06	1.139E-08	8.946E-09	1.054E-06	6.903E-02	1.188E-04	4.330E-07	6.288E-07	6.204E-01	3.105E-01	6.241E+02		1.313E-02	2.051E-03	7.108E-06	5.583E-06	6.577E-04	4.308E+01	7.416E-02	2.702E-04	3.924E-04	3.872E+02	1.937E+02
1000.0	2.045E-05	3.199E-06	1.108E-08	8.695E-09	1.024E-06	6.730E-02	1.153E-04	4.389E-07	6.084E-07	6.215E-01	3.111E-01	6.468E+02		1.323E-02	2.069E-03	7.168E-06	5.624E-06	6.624E-04	4.352E+01	7.455E-02	2.838E-04	3.935E-04	4.019E+02	2.012E+02
